100
4 3
4 5 6 4
4 2
4 5 6 4
3 3
1 1 1
18 4
81 49 29 57 93 7 15 17 19 83 51 49 37 31 5 88 77 6
100 3
82 95 14 35 22 73 11 4 95 28 76 4 14 89 28 32 31 23 50 53 86 50 22 97 8 25 14 73 97 85 53 8 5 25 80 85 92 19 65 61 68 53 89 16 76 26 53 92 31 8 62 1 64 20 14 85 82 74 14 52 55 65 92 32 80 4 40 50 70 5 56 67 73 94 34 38 22 82 34 89 37 76 46 97 73 79 89 10 13 16 92 4 83 14 59 82 80 85 83 23
14 4
35 89 69 18 47 29 71 67 11 31 69 89 93 5
1 2
97
100 4
39 23 19 27 11 39 23 50 13 34 23 83 43 19 71 55 58 57 7 43 1 31 67 91 4 22 45 36 95 14 7 82 14 91 3 45 63 25 62 11 27 5 4 43 86 71 5 91 17 79 95 9 63 7 11 71 88 39 1 21 87 95 90 23 57 67 48 14 71 51 59 71 2 70 5 59 3 42 31 25 47 87 59 36 79 30 67 67 7 50 7 81 94 59 71 67 15 15 48 34
100 3
86 97 59 78 77 4 87 2 36 1 90 1 47 72 90 42 86 48 96 5 64 46 95 80 45 43 83 95 36 61 69 4 12 25 94 46 35 10 4 11 46 31 53 86 13 62 1 9 43 6 48 89 86 18 87 59 6 5 44 22 67 20 6 52 72 45 41 51 11 61 60 60 52 22 56 14 10 35 7 36 21 23 32 39 63 26 78 5 67 28 53 52 49 45 79 61 48 69 70 98
100 4
67 86 77 90 59 41 79 32 55 63 18 43 95 39 74 39 43 72 54 83 51 53 3 64 7 79 75 31 60 26 5 91 83 89 85 14 71 42 34 73 11 95 18 1 35 59 83 17 84 79 91 27 67 90 63 95 7 46 47 95 91 7 2 3 88 71 53 30 5 94 54 27 22 51 78 55 2 34 75 62 40 7 83 47 63 59 18 7 34 27 55 1 59 62 55 46 19 17 63 69
4 4
87 7 91 91
27 4
33 55 47 73 77 40 45 89 83 5 81 97 53 93 37 41 83 93 80 93 23 23 93 33 51 52 48
100 3
23 25 11 46 71 17 32 10 45 72 43 34 97 94 7 87 73 28 28 42 4 14 95 31 51 73 19 55 58 97 29 32 7 61 41 17 7 78 22 79 64 88 98 49 67 93 35 5 50 25 7 94 58 28 41 49 25 52 95 23 85 43 51 86 76 28 76 74 1 70 80 73 59 14 17 64 61 4 55 97 47 23 85 67 92 54 88 7 38 65 8 82 35 94 22 16 44 1 43 10
25 4
47 55 15 7 43 61 11 71 57 63 27 95 97 47 17 83 49 19 67 33 63 51 49 65 63
3 4
87 51 3
27 3
67 52 73 56 70 40 43 50 56 37 58 8 81 65 85 61 49 10 11 85 55 77 67 49 77 19 61
100 4
22 15 50 42 67 15 25 87 59 17 51 67 33 7 8 27 3 22 35 91 41 91 91 37 30 95 46 60 79 63 53 39 91 56 13 9 47 29 25 51 51 17 87 37 46 79 86 51 15 55 35 55 59 32 66 14 20 30 43 39 47 55 10 95 80 87 97 23 28 34 18 81 63 7 43 79 90 86 50 62 35 51 9 16 27 75 31 47 75 7 59 59 63 95 51 2 31 51 35 62
1 3
61
30 4
35 51 27 9 94 90 38 25 66 83 51 95 67 71 17 71 21 91 95 59 49 79 13 5 10 75 71 49 59 11
15 4
21 3 27 29 51 28 9 12 89 11 25 35 4 31 4
100 3
14 35 23 74 77 17 92 65 83 25 54 91 59 62 34 25 68 50 22 53 81 92 45 94 52 62 74 66 59 11 80 35 71 92 22 77 17 56 54 17 8 16 87 55 46 16 73 23 17 23 77 26 1 15 10 7 53 77 14 38 43 10 16 25 95 91 89 83 59 74 95 5 28 23 55 92 70 20 83 76 29 83 70 23 67 29 29 56 38 75 5 41 5 20 64 65 80 61 72 17
100 3
43 43 83 44 21 2 56 31 25 68 63 83 67 89 64 56 4 10 1 48 52 70 14 19 58 28 73 31 21 61 59 97 71 5 54 85 49 54 19 79 89 59 17 43 61 49 53 96 25 26 63 43 87 2 7 97 25 55 46 34 44 10 14 19 64 11 81 55 55 71 88 4 97 78 86 10 21 64 46 83 33 25 5 8 85 82 87 70 95 20 34 20 91 33 96 44 53 98 49 16
14 3
95 88 43 7 71 30 76 98 53 50 5 23 29 79
12 3
83 1 61 19 61 86 59 94 77 88 11 20
19 3
97 25 82 17 22 8 69 37 68 35 7 44 36 35 89 71 25 80 4
100 4
37 66 94 41 61 48 56 62 1 13 85 65 9 44 94 82 86 81 21 73 7 33 78 62 37 23 1 9 29 13 2 94 25 45 87 31 78 14 66 9 19 42 31 30 62 53 45 41 37 33 43 21 73 33 13 1 18 15 29 7 34 75 1 5 73 73 6 18 30 70 18 90 33 53 93 6 7 14 93 22 9 58 35 59 43 12 92 93 70 13 51 63 41 65 63 1 18 70 12 49
23 3
49 37 31 13 88 16 88 95 14 89 77 49 65 89 97 49 97 94 89 25 41 67 19
100 4
95 23 6 51 83 59 11 18 23 85 38 15 38 47 45 59 91 52 51 92 31 94 18 66 19 74 57 34 35 50 51 31 30 50 35 91 53 10 35 95 44 50 35 43 48 35 91 3 77 79 43 46 65 82 15 58 13 4 57 50 55 70 87 19 45 15 39 23 92 70 22 83 54 25 46 26 50 2 62 33 38 47 40 74 95 75 26 75 91 69 18 43 15 3 2 50 55 95 79 95
21 4
65 93 66 95 23 17 32 11 3 34 10 19 26 65 67 95 97 38 81 7 61
16 4
12 51 49 88 24 41 49 95 46 48 28 53 67 95 1 51
100 4
7 77 32 35 88 15 43 7 19 1 65 71 19 16 47 14 34 6 6 51 87 19 39 6 31 50 39 25 43 96 67 90 47 12 26 22 19 12 86 3 7 14 3 63 47 27 14 70 71 54 34 45 47 47 52 35 22 59 34 31 90 51 22 67 91 79 7 51 75 75 19 87 1 93 84 3 75 6 1 46 91 15 46 85 87 27 47 55 47 27 19 94 81 4 21 87 83 34 63 23
100 3
47 44 71 20 95 92 62 38 16 10 97 7 34 55 33 62 89 28 77 13 92 47 95 20 20 28 64 71 38 7 56 14 82 74 77 16 22 86 65 86 73 35 58 32 35 56 47 68 43 22 83 3 35 91 73 46 50 14 29 73 98 1 47 50 55 58 16 5 84 10 81 35 31 79 80 84 53 86 32 50 31 98 65 5 92 16 26 80 95 88 67 76 44 61 35 14 47 32 56 62
100 4
63 15 35 90 95 30 74 54 66 44 5 8 80 18 42 14 95 48 97 17 85 28 71 2 77 22 97 11 91 88 71 87 6 37 16 59 49 7 53 81 23 19 77 44 38 53 81 72 50 19 2 39 30 1 54 74 55 54 41 65 60 58 14 38 49 56 35 85 48 11 72 68 44 84 80 32 38 83 97 81 56 18 48 16 7 52 74 33 28 36 37 3 43 48 35 38 97 57 51 21
100 4
89 86 10 14 5 81 32 26 6 85 62 70 30 81 88 64 42 38 6 93 25 91 49 95 86 40 58 62 46 33 57 5 22 81 97 2 77 30 86 10 63 53 50 24 17 9 9 34 58 2 18 24 79 41 21 26 90 32 54 18 26 18 9 69 5 5 15 22 9 29 42 30 31 67 50 41 1 97 29 70 6 69 76 1 33 73 30 78 66 21 58 69 40 35 21 59 43 61 86 1
21 4
19 27 89 7 87 1 1 51 77 15 43 62 69 35 87 47 27 87 97 19 43
20 2
71 89 62 74 74 77 75 45 72 21 52 52 95 21 56 26 93 20 44 80
100 4
71 73 58 10 91 57 91 97 85 1 21 17 30 67 85 83 81 82 87 5 21 11 58 85 41 53 29 34 39 45 7 37 31 90 51 58 18 39 35 30 89 35 63 34 93 35 46 94 49 62 30 27 83 66 73 76 83 26 79 75 87 61 45 10 25 65 86 62 73 26 45 23 58 63 95 75 30 18 95 47 70 34 87 21 45 79 91 70 82 25 18 53 25 75 6 22 70 91 30 5
28 3
26 90 97 49 64 61 92 43 53 98 20 52 96 24 28 62 52 88 78 70 95 93 43 37 10 41 55 79
13 4
9 91 71 83 57 87 11 5 29 3 5 31 53
100 4
90 43 91 22 59 74 27 41 43 59 53 42 14 57 18 51 14 22 51 63 63 71 26 19 39 59 59 38 72 39 14 79 62 90 74 95 9 51 11 17 34 77 73 1 74 66 50 19 9 92 51 46 55 85 54 15 14 2 39 77 15 22 3 46 7 59 43 29 26 58 19 87 18 79 30 21 43 83 7 36 51 44 26 67 91 89 9 62 54 6 3 63 15 6 62 14 37 3 27 82
17 4
49 53 39 93 59 29 85 39 5 12 61 21 7 75 53 5 95
1 2
22
30 4
56 34 82 34 59 39 87 31 7 55 83 79 15 30 87 14 5 93 9 53 45 19 3 62 43 69 89 31 31 75
28 4
71 32 11 47 3 59 7 87 55 37 79 54 15 3 1 3 33 81 15 24 68 75 29 51 35 13 4 17
19 2
38 74 87 62 18 52 62 64 52 14 3 37 58 57 42 99 33 29 7
1 4
61
15 3
22 41 94 97 2 40 59 69 19 23 59 26 94 82 17
16 4
8 97 34 96 87 79 17 75 59 85 73 55 65 32 23 92
100 3
38 23 7 13 17 79 98 55 22 67 94 95 37 82 10 20 38 56 40 56 94 98 88 8 1 34 67 37 14 53 46 91 5 19 64 95 23 35 13 14 79 43 20 14 1 37 1 89 28 22 74 43 34 16 56 47 62 47 43 43 86 37 95 73 34 25 80 13 94 67 92 20 47 79 31 97 79 11 11 38 20 98 97 94 50 55 58 28 47 95 13 34 10 5 28 1 77 74 68 89
12 3
10 47 89 7 29 2 94 97 92 19 72 21
2 3
43 37
20 4
53 97 33 85 31 55 33 85 59 11 39 89 45 33 73 19 29 21 9 9
23 4
33 11 67 81 30 30 15 91 54 59 7 81 49 3 35 14 25 33 81 22 21 38 4
100 3
52 55 46 25 40 82 40 10 63 92 13 81 9 43 79 26 22 82 16 21 56 31 64 40 14 58 14 22 95 1 66 38 19 50 19 47 56 25 48 11 93 22 47 16 67 56 14 73 59 17 91 58 83 78 32 61 72 1 61 51 31 28 52 95 94 20 14 1 10 14 9 17 94 11 94 67 35 47 4 55 13 49 94 64 31 38 14 91 41 41 88 26 38 23 4 97 13 10 43 7
24 4
17 49 29 71 1 31 31 17 17 37 89 89 97 51 5 3 77 24 61 89 49 69 19 63
100 3
70 89 41 56 7 35 34 55 44 94 97 37 4 43 14 4 56 46 55 78 11 34 37 61 26 98 46 13 30 37 56 67 69 20 80 73 97 16 16 35 19 68 59 34 35 25 31 56 74 72 49 8 97 34 2 34 47 22 67 47 18 53 50 46 79 86 31 1 60 34 40 88 16 25 70 94 5 43 76 10 34 50 19 11 97 5 31 37 55 86 2 5 20 34 49 48 95 6 88 10
17 4
23 47 79 89 8 9 73 47 13 51 27 79 61 45 69 43 81
16 4
53 38 87 63 81 31 21 49 65 39 49 35 42 54 93 35
100 2
47 79 58 79 42 41 7 65 44 46 34 69 48 10 75 71 28 8 68 61 51 91 23 93 47 38 48 43 21 68 68 84 53 31 46 65 38 40 63 41 36 55 49 6 27 60 37 84 8 74 5 28 10 65 23 54 47 12 3 33 92 40 12 10 91 83 30 15 68 43 34 34 5 58 18 18 87 11 12 98 97 82 1 11 46 22 23 70 2 52 50 78 47 65 7 72 1 39 55 15
2 3
59 8
2 4
87 47
1 4
68
2 4
26 34
14 4
19 45 5 47 37 1 77 75 53 21 27 87 47 7
11 3
19 14 68 16 94 47 16 32 52 83 89
2 4
41 9
13 3
4 59 7 85 56 37 80 80 98 94 95 26 44
25 4
82 71 11 11 35 18 1 75 27 55 46 39 33 47 93 49 47 17 75 39 18 46 39 81 43
2 2
33 49
18 4
57 13 3 81 65 22 3 17 19 25 49 95 21 91 51 4 67 59
100 3
98 86 38 14 66 74 91 12 56 8 51 37 98 17 81 34 23 1 35 68 43 35 14 24 46 55 56 55 90 59 38 66 95 43 32 47 17 80 65 65 74 37 8 5 82 39 26 29 37 47 50 2 4 78 59 11 77 74 89 23 22 41 7 80 62 46 8 80 53 86 66 91 74 74 23 48 80 19 13 44 77 32 17 11 68 59 43 25 97 60 86 12 71 74 77 11 67 92 38 93
26 4
49 41 67 21 31 77 69 37 33 59 9 71 17 65 73 79 59 49 38 93 21 37 9 87 13 59
16 4
63 33 93 61 21 87 4 85 95 61 27 35 69 39 47 35
100 4
15 97 21 3 25 59 7 14 6 78 30 90 46 21 6 69 91 86 93 19 5 43 35 34 31 86 3 53 47 27 79 15 54 42 45 47 95 3 62 77 82 69 7 66 62 47 79 25 71 82 35 66 18 78 46 43 18 82 79 67 63 92 7 43 23 18 9 51 85 43 79 47 95 11 7 71 33 23 35 18 43 70 27 31 23 55 5 35 24 93 18 52 25 23 86 79 31 43 45 64
3 4
50 90 82
18 4
69 29 68 51 4 6 75 50 55 49 1 4 30 85 32 57 75 71
3 3
11 98 32
24 4
31 93 3 86 79 63 73 95 84 31 76 41 81 30 7 50 62 55 82 53 55 75 4 49
21 4
53 83 73 74 29 79 17 89 21 47 35 78 82 48 15 75 75 10 15 75 75
15 4
35 15 43 47 73 57 84 61 72 32 93 64 91 25 80
18 3
95 94 71 7 40 81 31 2 40 26 74 13 58 89 74 43 17 65
1 4
70
20 4
97 79 44 17 65 20 91 75 36 90 38 12 15 9 68 26 35 46 29 78
1 3
32
19 4
67 1 55 57 13 17 27 89 77 85 79 61 80 4 13 75 47 9 20
100 3
19 92 95 34 79 41 61 64 24 32 21 7 88 31 43 14 37 73 26 73 43 34 28 64 55 35 37 16 28 84 1 79 98 7 85 40 47 22 5 1 74 27 23 91 6 2 91 4 13 86 10 68 46 14 60 47 89 43 1 43 4 83 37 37 63 7 79 70 75 94 19 31 65 11 49 13 28 43 76 65 83 43 89 23 52 23 46 58 42 8 35 67 35 70 73 34 34 64 7 13
25 4
93 23 9 31 38 19 72 95 13 89 97 25 17 71 61 77 81 9 93 67 33 57 77 35 49
100 4
90 25 97 59 6 57 10 5 36 89 45 33 59 4 33 25 86 34 53 97 30 6 2 6 45 45 73 38 95 15 75 69 75 26 41 9 17 2 13 57 90 37 37 52 41 56 81 89 91 20 86 76 89 2 92 27 49 62 56 65 93 91 9 45 82 61 37 36 85 73 8 10 77 10 61 89 35 73 2 55 74 66 13 14 77 64 57 60 37 29 46 91 41 26 61 66 73 54 57 9
1 3
54
22 3
57 42 28 88 1 91 25 38 13 25 14 8 68 56 46 22 76 47 4 42 19 84
100 3
47 73 79 67 61 34 70 25 61 94 91 52 25 39 10 5 57 97 8 82 61 45 47 61 16 40 94 88 98 74 85 13 1 49 76 43 49 33 53 1 22 4 73 73 61 61 79 1 61 35 13 5 85 91 10 81 4 25 62 52 22 23 8 59 40 36 25 94 5 10 22 40 79 23 22 64 43 91 64 67 66 19 64 30 13 96 31 45 82 37 28 97 42 46 71 76 7 41 64 59
20 4
21 41 89 57 59 4 7 45 32 69 27 60 9 25 47 35 9 93 42 39
1 4
63
17 4
31 15 71 21 27 77 65 23 2 91 69 73 85 70 65 26 15
100 4
38 65 77 54 33 3 11 5 66 87 25 22 97 7 30 93 59 91 82 30 19 35 79 19 90 94 9 65 51 1 90 7 29 1 22 75 2 26 50 10 58 35 49 63 41 34 93 69 62 6 93 19 31 3 2 61 83 85 82 35 29 77 58 71 13 66 93 39 3 11 78 30 7 37 5 69 45 93 95 22 31 43 29 13 26 5 2 21 13 70 42 35 18 83 62 1 3 19 2 3
33 4
71 95 3 80 8 59 45 73 35 78 35 75 63 21 14 67 89 61 16 51 51 31 11 25 56 75 31 94 6 30 49 71 82
100 4
85 7 50 73 78 40 45 29 14 58 36 13 89 63 85 55 16 87 94 6 25 14 33 6 97 94 74 37 95 59 9 85 25 58 38 5 54 41 97 66 30 33 97 53 47 22 84 82 23 77 89 46 25 76 78 68 2 37 41 29 35 91 63 89 38 57 79 78 94 70 28 81 45 41 19 41 89 25 51 89 26 58 71 41 81 5 81 14 97 49 30 73 37 27 13 67 89 70 22 61
100 3
25 37 82 65 92 39 85 79 11 25 68 7 19 85 70 71 30 58 54 44 8 7 52 8 18 32 54 88 7 23 94 40 34 31 16 36 97 10 50 22 68 55 95 64 40 60 16 65 57 91 1 39 88 48 62 50 7 61 46 46 51 91 29 83 85 91 53 44 59 47 73 40 18 77 37 39 92 93 82 86 79 13 58 4 28 4 67 10 34 41 2 70 38 91 61 89 49 67 67 76
17 4
53 89 79 55 19 33 17 33 79 6 40 37 47 91 25 59 73
15 4
81 9 13 19 59 43 23 79 50 15 97 45 9 65 43
