100
20
1
123
1210
00040
1100
20000
00203
4000
04010
00101
01040
3012
0210
51215
200
00032
00011
1030
01000
012
21100
10
11000
222
10000
221
110
14000
10010
111
00120
10003
030
201
01010
2142
10100
0100
00201
1102
2020
0202
30101
1111
00021
3000
00030
3131
21000
10040
0111
210
010
11111
01
00210
120
01020
2210
10012
0300
20003
03010
03200
0103
11021
03002
102
02001
01100
4220
01001
300
00221
0022
30100
100
1000
22000
4342
01121
2000
003
002
40000
10001
211
21001
10102
40010
11
11110
00110
1001
31000
1003
1201
0310
20201
